[HamburgCenter]
53.56752521291472,9.971208572387695
53.56344720032057,9.977302551269531
53.54560127181999,9.971723556518555
53.54570326993725,9.997987747192383
53.54993597504502,10.007343292236328
53.5554429575742,10.00056266784668
53.5694111607628,9.988203048706055
[InitialHamburgx]
53.55680923477362,10.19479751586914
53.53824640040974,10.19754409790039
53.531614843499916,10.229644775390625
53.48710554709753,10.247669219970703
53.48761623977832,10.277023315429688
53.525186343292816,10.289039611816406
53.54599890371658,10.247154235839844
53.561091809630746,10.239944458007812
[InitialHamburgxx]
53.52273713416818,10.216255187988281
53.52141042009718,10.291786193847656
53.48169182664782,10.271530151367188
53.483632673800884,10.242347717285156
[InitialHamburg]
53.53587924509036,9.943656921386719
53.489944601293395,9.954986572265625
53.476052331927264,9.982109069824219
53.472987248277036,10.040473937988281
53.45765850904405,10.061073303222656
53.52608403226565,10.045280456542969
53.54281615011912,9.964256286621094
[HamburgLeft]
53.5445709176812,9.914989471435547
53.5569112058798,9.897823333740234
53.57475236488569,9.907264709472656
53.587185749651354,9.928207397460938
53.58677815567668,9.994983673095703
53.570573111250916,10.002365112304688
53.54242884829641,9.978160858154297
[HamburgRight]
53.632488, 10.088809
53.640936, 10.027912
53.635746, 10.003880
53.592938, 9.987787
53.584608, 10.000060
53.56641415275044,10.017814636230469
53.55581022359458,10.002708435058594
53.54275558463573,9.985885620117188
53.53479843926131,10.020217895507812
53.53112540620039,10.056953430175781
53.56682194309726,10.075836181640625
53.59433870242693,10.068283081054688
[HamburgTop]
53.587185749651354,9.928207397460938
53.58677815567668,9.994983673095703
53.635746, 10.003880
53.653681, 9.905818
53.625999, 9.887268
